
27/11/22   6:00    6.1    6.1    6.1    89    4.4   0.0   ---   0.00   0.0   ---    6.1    6.1    6.1   739.3  0.00   0.0   0.085   0.000   20.3    35    4.4   18.7   7.05  .8681    234    1    100.0   10 
27/11/22   6:10    5.9    6.1    5.9    89    4.3   0.0   ---   0.00   0.0   ---    5.9    5.9    5.9   739.4  0.00   0.0   0.086   0.000   20.2    35    4.3   18.6   7.05  .8686    234    1    100.0   10 
27/11/22   6:20    5.9    5.9    5.8    89    4.2   0.0     S   0.00   4.8     S    5.9    5.9    5.9   739.5  0.00   0.0   0.086   0.000   20.2    35    4.2   18.5   7.05  .8689    234    1    100.0   10 
27/11/22   6:30    5.8    5.9    5.8    89    4.2   1.6     S   0.27   6.4     S    5.8    5.8    5.8   739.4  0.00   0.0   0.087   0.000   20.1    35    4.1   18.4   7.05  .8692    235    1    100.0   10 
27/11/22   6:40    5.8    5.8    5.8    89    4.1   0.0     S   0.00   3.2     S    5.8    5.8    5.8   739.6  0.00   0.0   0.087   0.000   20.0    35    4.1   18.3   7.05  .8696    234    1    100.0   10 
27/11/22   6:50    5.7    5.8    5.7    90    4.2   0.0   ---   0.00   0.0   ---    5.7    5.7    5.7   739.6  0.00   0.0   0.088   0.000   19.9    35    4.0   18.2   7.05  .8700    234    1    100.0   10 
27/11/22   7:00    5.6    5.7    5.6    90    4.1   0.0   ---   0.00   0.0   ---    5.6    5.6    5.6   739.6  0.00   0.0   0.088   0.000   19.9    35    4.0   18.2   7.05  .8700    234    1    100.0   10 
27/11/22   7:10    5.6    5.6    5.6    90    4.0   0.0   ---   0.00   0.0   ---    5.6    5.6    5.6   739.7  0.00   0.0   0.089   0.000   19.8    35    3.9   18.1   7.05  .8706    234    1    100.0   10 
27/11/22   7:20    5.7    5.7    5.6    90    4.2   0.0   ---   0.00   0.0   ---    5.7    5.7    5.7   739.8  0.00   0.0   0.088   0.000   19.7    35    3.8   18.0   7.05  .8709    234    1    100.0   10 
27/11/22   7:30    5.9    5.9    5.7    91    4.6   0.0   ---   0.00   0.0   ---    5.9    5.9    5.9   739.9  0.00   0.0   0.086   0.000   19.7    35    3.8   17.9   7.05  .8712    234    1    100.0   10 
27/11/22   7:40    6.6    6.6    5.9    91    5.2   0.0     S   0.00   4.8     S    6.6    6.6    6.6   740.0  0.00   0.0   0.082   0.000   19.6    35    3.7   17.9   7.05  .8715    235    1    100.0   10 
27/11/22   7:50    7.3    7.3    6.6    90    5.8   1.6     S   0.27   4.8     S    7.3    7.4    7.4   740.1  0.00   0.0   0.076   0.000   19.5    35    3.6   17.8   7.05  .8721    234    1    100.0   10 
27/11/22   8:00    8.1    8.1    7.3    89    6.4   1.6     S   0.27   6.4     S    8.1    8.2    8.2   740.1  0.00   0.0   0.071   0.000   19.4    35    3.6   17.7   7.05  .8722    234    1    100.0   10 
27/11/22   8:10    9.2    9.2    8.2    88    7.3   0.0   ---   0.00   0.0   ---    9.2    9.3    9.3   740.1  0.00   0.0   0.064   0.000   19.4    35    3.5   17.7   7.05  .8725    234    1    100.0   10 
27/11/22   8:20   10.4   10.4    9.2    86    8.1   0.0   ---   0.00   0.0   ---   10.4   10.4   10.4   740.2  0.00   0.0   0.055   0.000   19.3    36    3.9   17.7   7.19  .8725    234    1    100.0   10 
27/11/22   8:30   11.6   11.6   10.4    81    8.4   0.0   ---   0.00   0.0   ---   11.6   11.4   11.4   740.2  0.00   0.0   0.047   0.000   19.3    36    3.8   17.6   7.18  .8727    234    1    100.0   10 
27/11/22   8:40   12.7   12.7   11.6    80    9.3   0.0   ---   0.00   0.0   ---   12.7   12.5   12.5   740.3  0.00   0.0   0.039   0.000   19.2    36    3.8   17.6   7.18  .8730    235    1    100.0   10 
27/11/22   8:50   14.3   14.3   12.7    72    9.3   0.0   SSE   0.00   6.4   SSE   14.3   13.9   13.9   740.4  0.00   0.0   0.028   0.000   19.2    36    3.7   17.5   7.18  .8733    234    1    100.0   10 
27/11/22   9:00   15.1   15.1   14.3    67    9.0   0.0   SSE   0.00   3.2   SSE   15.1   14.6   14.6   740.5  0.00   0.0   0.023   0.000   19.1    37    4.1   17.5   7.35  .8734    234    1    100.0   10 
27/11/22   9:10   15.7   15.7   15.1    66    9.3   1.6     E   0.27   6.4     E   15.7   15.2   15.2   740.6  0.00   0.0   0.019   0.000   19.1    37    4.1   17.5   7.35  .8735    234    1    100.0   10 
27/11/22   9:20   14.8   15.7   14.8    68    9.0   4.8     E   0.80   9.7     E   14.8   14.4   14.4   740.8  0.00   0.0   0.024   0.000   19.1    37    4.1   17.5   7.35  .8737    234    1    100.0   10 
27/11/22   9:30   14.1   14.8   14.0    72    9.1   4.8     E   0.80   8.0   ENE   14.1   13.7   13.7   740.7  0.00   0.0   0.030   0.000   19.1    37    4.0   17.4   7.35  .8739    234    1    100.0   10 
27/11/22   9:40   14.3   14.3   14.1    71    9.1   3.2   ESE   0.54   9.7   ENE   14.3   13.9   13.9   740.8  0.00   0.0   0.028   0.000   19.1    38    4.4   17.6   7.55  .8734    234    1    100.0   10 
27/11/22   9:50   14.5   14.5   14.3    71    9.3   3.2   ENE   0.54  11.3   ENE   14.5   14.1   14.1   740.8  0.00   0.0   0.027   0.000   19.1    38    4.4   17.6   7.55  .8734    235    1    100.0   10 
27/11/22  10:00   14.6   14.6   14.5    70    9.1   6.4     E   1.07  14.5   ENE   14.6   14.1   14.1   740.8  0.00   0.0   0.026   0.000   19.1    38    4.4   17.6   7.55  .8735    234    1    100.0   10 
27/11/22  10:10   14.8   14.8   14.5    69    9.1   4.8   ENE   0.80  14.5   ENE   14.8   14.3   14.3   740.7  0.00   0.0   0.025   0.000   19.1    39    4.8   17.6   7.72  .8730    234    1    100.0   10 
27/11/22  10:20   15.4   15.4   14.8    68    9.6   3.2    NE   0.54   8.0   NNE   15.4   15.1   15.1   740.7  0.00   0.0   0.020   0.000   19.2    39    4.9   17.7   7.72  .8729    234    1    100.0   10 
27/11/22  10:30   16.2   16.2   15.4    66    9.8   1.6     N   0.27   8.0   NNE   16.2   15.7   15.7   740.7  0.00   0.0   0.015   0.000   19.2    40    5.2   17.8   7.82  .8727    234    1    100.0   10 
27/11/22  10:40   15.7   16.3   15.7    62    8.5   4.8     N   0.80  14.5     N   15.7   15.1   15.1   740.6  0.00   0.0   0.018   0.000   19.2    40    5.2   17.8   7.82  .8725    234    1    100.0   10 
27/11/22  10:50   15.7   15.7   15.6    62    8.4   3.2   NNW   0.54  12.9     N   15.7   15.1   15.1   740.7  0.00   0.0   0.019   0.000   19.2    40    5.3   17.8   7.82  .8724    235    1    100.0   10 
27/11/22  11:00   15.5   15.7   15.4    63    8.5   4.8     N   0.80  12.9   NNW   15.5   14.9   14.9   740.6  0.00   0.0   0.020   0.000   19.3    40    5.3   17.9   7.82  .8721    234    1    100.0   10 
27/11/22  11:10   16.4   16.4   15.5    62    9.1   1.6   ENE   0.27   8.0   ESE   16.4   15.8   15.8   740.5  0.00   0.0   0.014   0.000   19.4    40    5.4   18.0   7.81  .8716    234    1    100.0   10 
27/11/22  11:20   16.7   16.7   16.4    61    9.1   3.2   ENE   0.54   9.7   NNW   16.7   16.1   16.1   740.4  0.00   0.0   0.012   0.000   19.5    40    5.5   18.1   7.81  .8710    234    1    100.0   10 
27/11/22  11:30   17.1   17.1   16.7    61    9.5   1.6     N   0.27   8.0     N   17.1   16.5   16.5   740.2  0.00   0.0   0.009   0.000   19.6    40    5.6   18.2   7.80  .8704    234    1    100.0   10 
27/11/22  11:40   16.9   17.1   16.9    61    9.4   4.8     N   0.80  14.5     N   16.9   16.3   16.3   740.2  0.00   0.0   0.010   0.000   19.7    40    5.7   18.3   7.80  .8702    234    1    100.0   10 
27/11/22  11:50   17.6   17.6   16.9    58    9.2   1.6   ESE   0.27  11.3   ESE   17.6   16.9   16.9   740.0  0.00   0.0   0.005   0.000   19.8    40    5.8   18.4   7.80  .8695    234    1    100.0   10 
27/11/22  12:00   17.5   17.6   17.3    60    9.6   3.2     E   0.54  14.5   ENE   17.5   16.9   16.9   739.9  0.00   0.0   0.006   0.000   19.9    40    5.9   18.6   7.79  .8690    235    1    100.0   10 
27/11/22  12:10   17.7   17.7   17.4    59    9.6   3.2   ENE   0.54  12.9   ENE   17.7   17.1   17.1   739.8  0.00   0.0   0.005   0.000   19.9    40    5.9   18.6   7.79  .8687    234    1    100.0   10 
27/11/22  12:20   18.2   18.2   17.7    58    9.8   1.6   ENE   0.27  11.3     E   18.2   17.6   17.6   739.7  0.00   0.0   0.001   0.000   20.1    40    6.0   18.7   7.79  .8681    234    1    100.0   10 
27/11/22  12:30   18.6   18.6   18.1    56    9.6   1.6     E   0.27   6.4    NE   18.6   17.9   17.9   739.5  0.00   0.0   0.000   0.002   20.2    40    6.2   18.9   7.78  .8673    234    1    100.0   10 
27/11/22  12:40   18.4   18.6   18.4    56    9.5   3.2   NNW   0.54  12.9     N   18.4   17.8   17.8   739.4  0.00   0.0   0.000   0.001   20.3    40    6.3   19.0   7.78  .8668    234    1    100.0   10 
27/11/22  12:50   18.3   18.4   18.3    56    9.4   3.2   ENE   0.54  12.9     E   18.3   17.7   17.7   739.3  0.00   0.0   0.000   0.000   20.4    40    6.4   19.1   7.77  .8662    234    1    100.0   10 
27/11/22  13:00   18.4   18.5   18.3    56    9.5   3.2    NE   0.54  11.3   NNE   18.4   17.8   17.8   739.2  0.00   0.0   0.000   0.001   20.6    40    6.5   19.2   7.77  .8657    235    1    100.0   10 
27/11/22  13:10   18.4   18.4   18.3    56    9.5   4.8    NW   0.80  14.5    NW   18.4   17.8   17.8   738.8  0.00   0.0   0.000   0.001   20.7    40    6.6   19.3   7.77  .8649    234    1    100.0   10 
27/11/22  13:20   18.4   18.4   18.3    57    9.8   3.2   ENE   0.54  12.9     E   18.4   17.9   17.9   738.7  0.00   0.0   0.000   0.001   20.9    40    6.8   19.4   7.76  .8640    234    1    100.0   10 
27/11/22  13:30   18.6   18.7   18.5    55    9.3   1.6    NE   0.27  11.3   ENE   18.6   17.9   17.9   738.5  0.00   0.0   0.000   0.002   21.0    40    6.9   19.6   7.75  .8633    234    1    100.0   10 
27/11/22  13:40   18.3   18.6   18.3    57    9.6   1.6     E   0.27   6.4    NE   18.3   17.7   17.7   738.2  0.00   0.0   0.000   0.000   21.2    40    7.0   19.7   7.75  .8623    234    1    100.0   10 
27/11/22  13:50   17.9   18.3   17.9    56    9.0   1.6   ENE   0.27   8.0   ENE   17.9   17.3   17.3   738.2  0.00   0.0   0.003   0.000   21.3    40    7.1   19.8   7.74  .8619    234    1    100.0   10 
27/11/22  14:00   17.7   17.9   17.7    58    9.3   0.0   ENE   0.00   3.2   ENE   17.7   17.1   17.1   738.2  0.00   0.0   0.005   0.000   21.4    40    7.3   20.1   7.74  .8613    234    1    100.0   10 
27/11/22  14:10   17.6   17.7   17.6    58    9.2   0.0     E   0.00   6.4     E   17.6   16.9   16.9   738.1  0.00   0.0   0.005   0.000   21.6    40    7.4   20.2   7.73  .8608    235    1    100.0   10 
27/11/22  14:20   17.3   17.6   17.3    61    9.7   1.6     S   0.27  14.5   WSW   17.3   16.7   16.7   738.3  0.00   0.0   0.007   0.000   21.7    39    7.1   20.3   7.63  .8609    234    1    100.0   10 
27/11/22  14:30   15.7   17.3   15.7    72   10.6   6.4   SSW   1.07  16.1    SW   15.7   15.4   15.4   738.5  0.25   0.0   0.019   0.000   21.8    39    7.2   20.4   7.63  .8607    234    1    100.0   10 
27/11/22  14:40   14.0   15.6   14.0    76    9.8   4.8   SSW   0.80   9.7     S   14.0   13.7   13.7   738.6  1.02  11.4   0.030   0.000   21.9    39    7.3   20.6   7.62  .8604    234    1    100.0   10 
27/11/22  14:50   12.4   14.0   12.4    76    8.3   8.0     W   1.34  16.1     W   11.8   12.1   11.6   738.3  0.76   8.9   0.041   0.000   22.0    39    7.4   20.8   7.62  .8598    234    1    100.0   10 
27/11/22  15:00   11.6   12.3   11.6    75    7.3  14.5     W   2.41  22.5   WSW    9.6   11.3    9.3   738.3  0.51   8.1   0.047   0.000   22.1    39    7.5   20.9   7.62  .8595    234    1    100.0   10 
27/11/22  15:10   11.3   11.6   11.3    76    7.3  14.5   WSW   2.41  20.9   WSW    9.3   11.1    9.1   738.3  0.00   1.3   0.049   0.000   22.1    39    7.5   20.9   7.62  .8595    235    1    100.0   10 
27/11/22  15:20   11.4   11.4   11.3    78    7.7  11.3   WSW   1.88  20.9   WSW   10.2   11.3   10.0   738.2  0.00   0.0   0.048   0.000   22.1    39    7.5   20.9   7.61  .8592    234    1    100.0   10 
27/11/22  15:30   11.6   11.6   11.4    77    7.7  12.9   WSW   2.15  22.5   WSW    9.9   11.3    9.7   738.2  0.00   0.0   0.047   0.000   22.2    39    7.6   21.1   7.61  .8590    234    1    100.0   10 
27/11/22  15:40   11.9   11.9   11.6    77    8.0  11.3   WSW   1.88  19.3   WSW   10.7   11.7   10.5   738.0  0.00   0.0   0.045   0.000   22.2    38    7.2   21.1   7.47  .8589    234    1    100.0   10 
27/11/22  15:50   12.4   12.4   11.9    76    8.3  11.3   WSW   1.88  20.9   WSW   11.4   12.2   11.1   737.9  0.00   0.0   0.041   0.000   22.2    38    7.2   21.1   7.47  .8587    234    1    100.0   10 
27/11/22  16:00   13.6   13.6   12.5    72    8.6  11.3   WSW   1.88  22.5   WSW   12.7   13.2   12.3   737.8  0.00   0.0   0.033   0.000   22.3    38    7.3   21.2   7.47  .8585    234    1    100.0   10 
27/11/22  16:10   14.3   14.3   13.6    70    8.9   6.4   WSW   1.07  17.7     W   14.3   13.8   13.8   737.8  0.00   0.0   0.028   0.000   22.3    38    7.3   21.2   7.46  .8582    234    1    100.0   10 
27/11/22  16:20   15.1   15.1   14.3    68    9.2   4.8   WSW   0.80  12.9     W   15.1   14.6   14.6   737.9  0.00   0.0   0.023   0.000   22.4    38    7.4   21.3   7.46  .8581    235    1    100.0   10 
27/11/22  16:30   15.7   15.7   15.1    65    9.2   4.8    SW   0.80  11.3   WSW   15.7   15.2   15.2   737.8  0.00   0.0   0.018   0.000   22.4    38    7.4   21.4   7.45  .8579    234    1    100.0   10 
27/11/22  16:40   16.1   16.1   15.7    64    9.3   6.4   WSW   1.07  14.5   WSW   16.1   15.6   15.6   738.0  0.00   0.0   0.015   0.000   22.4    38    7.4   21.4   7.45  .8581    234    1    100.0   10 
27/11/22  16:50   16.3   16.3   16.2    61    8.7   4.8    SW   0.80  12.9   WSW   16.3   15.7   15.7   738.0  0.00   0.0   0.014   0.000   22.5    38    7.5   21.5   7.45  .8578    234    1    100.0   10 
27/11/22  17:00   16.0   16.3   16.0    61    8.5   4.8   SSW   0.80  11.3   SSW   16.0   15.4   15.4   738.0  0.00   0.0   0.016   0.000   22.6    37    7.1   21.6   7.30  .8580    234    1    100.0   10 
27/11/22  17:10   15.4   16.0   15.4    63    8.4   4.8    SW   0.80  12.9    SW   15.4   14.8   14.8   738.1  0.00   0.0   0.020   0.000   22.6    37    7.2   21.6   7.30  .8579    234    1    100.0   10 
27/11/22  17:20   15.3   15.4   15.2    64    8.5   1.6     S   0.27   9.7   SSW   15.3   14.7   14.7   738.2  0.00   0.0   0.021   0.000   22.7    37    7.2   21.7   7.29  .8578    234    1    100.0   10 
27/11/22  17:30   14.7   15.2   14.7    66    8.4   3.2     S   0.54   9.7   SSW   14.7   14.1   14.1   738.2  0.00   0.0   0.025   0.000   22.7    37    7.2   21.7   7.29  .8578    235    1    100.0   10 
27/11/22  17:40   14.3   14.7   14.3    66    8.0   1.6   SSW   0.27  11.3     S   14.3   13.7   13.7   738.3  0.00   0.0   0.028   0.000   22.7    36    6.8   21.7   7.14  .8582    234    1    100.0   10 
27/11/22  17:50   13.9   14.3   13.9    71    8.8   0.0   SSW   0.00   3.2   SSW   13.9   13.6   13.6   738.4  0.00   0.0   0.030   0.000   22.7    36    6.8   21.7   7.14  .8584    234    1    100.0   10 
27/11/22  18:00   13.3   13.9   13.3    72    8.3   0.0   SSW   0.00   4.8   SSW   13.3   12.9   12.9   738.6  0.00   0.0   0.035   0.000   22.7    36    6.8   21.7   7.14  .8587    234    1    100.0   10 
27/11/22  18:10   12.9   13.3   12.9    71    7.8   0.0   SSW   0.00   3.2   SSW   12.9   12.5   12.5   738.7  0.00   0.0   0.038   0.000   22.7    36    6.8   21.7   7.14  .8588    234    1    100.0   10 
27/11/22  18:20   12.6   12.9   12.6    69    7.1   4.8   WSW   0.80  11.3   WSW   12.6   12.2   12.2   739.0  0.00   0.0   0.040   0.000   22.7    36    6.8   21.7   7.14  .8591    234    1    100.0   10 
27/11/22  18:30   12.3   12.6   12.3    70    7.0   3.2   SSW   0.54   8.0   WSW   12.3   11.9   11.9   739.0  0.00   0.0   0.042   0.000   22.6    36    6.8   21.6   7.14  .8593    235    1    100.0   10 
27/11/22  18:40   12.0   12.3   12.0    73    7.3   6.4   WSW   1.07  12.9     W   11.7   11.7   11.3   739.1  0.00   0.0   0.044   0.000   22.6    36    6.8   21.6   7.14  .8594    234    1    100.0   10 
27/11/22  18:50   11.9   12.1   11.9    75    7.6   4.8   WSW   0.80  12.9   WSW   11.9   11.6   11.6   739.3  0.00   0.0   0.045   0.000   22.6    36    6.7   21.5   7.15  .8598    234    1    100.0   10 
27/11/22  19:00   11.9   11.9   11.9    76    7.8   1.6   WSW   0.27  11.3   WSW   11.9   11.7   11.7   739.3  0.00   0.0   0.044   0.000   22.5    36    6.7   21.4   7.15  .8600    234    1    100.0   10 
27/11/22  19:10   12.0   12.1   11.9    77    8.1   3.2   WSW   0.54   8.0   WSW   12.0   11.8   11.8   739.4  0.00   0.0   0.044   0.000   22.4    36    6.6   21.3   7.15  .8603    234    1    100.0   10 
27/11/22  19:20   12.0   12.1   12.0    77    8.1   3.2   WSW   0.54   9.7   WSW   12.0   11.8   11.8   739.4  0.00   0.0   0.044   0.000   22.4    36    6.6   21.3   7.15  .8603    234    1    100.0   10 
27/11/22  19:30   12.3   12.3   12.0    76    8.2   4.8   SSW   0.80   8.0    SW   12.3   12.0   12.0   739.5  0.00   0.0   0.042   0.000   22.4    36    6.6   21.2   7.16  .8607    234    1    100.0   10 
27/11/22  19:40   12.2   12.3   12.1    75    7.9   1.6     S   0.27   6.4     S   12.2   11.9   11.9   739.6  0.00   0.0   0.043   0.000   22.4    36    6.6   21.2   7.16  .8608    235    1    100.0   10 
27/11/22  19:50   11.8   12.1   11.8    77    7.9   1.6   SSW   0.27   6.4     S   11.8   11.6   11.6   739.7  0.00   0.0   0.045   0.000   22.3    36    6.5   21.1   7.16  .8611    234    1    100.0   10 
27/11/22  20:00   11.6   11.8   11.6    77    7.7   0.0   ---   0.00   0.0   ---   11.6   11.3   11.3   739.6  0.00   0.0   0.047   0.000   22.3    36    6.5   21.1   7.16  .8610    234    1    100.0   10 
27/11/22  20:10   11.4   11.6   11.4    78    7.7   0.0   SSW   0.00   4.8   SSW   11.4   11.3   11.3   739.7  0.00   0.0   0.048   0.000   22.3    36    6.5   21.1   7.17  .8613    234    1    100.0   10 
27/11/22  20:20   11.4   11.4   11.3    78    7.7   1.6     S   0.27   8.0   SSW   11.4   11.2   11.2   739.9  0.00   0.0   0.048   0.000   22.3    36    6.5   21.1   7.17  .8615    234    1    100.0   10 
27/11/22  20:30   11.4   11.4   11.4    79    7.9   0.0   SSW   0.00   3.2   SSW   11.4   11.2   11.2   739.9  0.00   0.0   0.048   0.000   22.2    36    6.4   20.9   7.17  .8617    234    1    100.0   10 
27/11/22  20:40   11.2   11.4   11.2    79    7.7   0.0   SSW   0.00   1.6   SSW   11.2   11.1   11.1   739.7  0.00   0.0   0.049   0.000   22.2    36    6.4   20.9   7.17  .8617    235    1    100.0   10 
27/11/22  20:50   11.1   11.2   11.0    80    7.7   0.0   ---   0.00   0.0   ---   11.1   10.9   10.9   739.7  0.00   0.0   0.051   0.000   22.2    37    6.8   20.9   7.31  .8613    234    1    100.0   10 
27/11/22  21:00   10.9   11.1   10.9    81    7.8   0.0   ---   0.00   0.0   ---   10.9   10.9   10.9   739.8  0.00   0.0   0.051   0.000   22.2    37    6.8   20.9   7.31  .8615    234    1    100.0   10 
27/11/22  21:10   10.9   11.0   10.9    81    7.8   0.0   ---   0.00   0.0   ---   10.9   10.9   10.9   739.8  0.00   0.0   0.051   0.000   22.1    37    6.7   20.8   7.31  .8617    234    1    100.0   10 
27/11/22  21:20   11.1   11.1   11.0    80    7.7   0.0   ---   0.00   0.0   ---   11.1   10.9   10.9   739.8  0.00   0.0   0.051   0.000   22.1    37    6.7   20.8   7.32  .8619    234    1    100.0   10 
27/11/22  21:30   11.1   11.1   11.0    79    7.6   0.0   ---   0.00   0.0   ---   11.1   10.9   10.9   740.0  0.00   0.0   0.051   0.000   22.1    37    6.7   20.8   7.32  .8621    234    1    100.0   10 
27/11/22  21:40   10.9   11.1   10.9    80    7.6   0.0   ---   0.00   0.0   ---   10.9   10.8   10.8   739.9  0.00   0.0   0.052   0.000   21.9    37    6.6   20.6   7.32  .8625    234    1    100.0   10 
27/11/22  21:50   10.6   10.8   10.6    81    7.4   0.0   SSW   0.00   4.8   SSW   10.6   10.5   10.5   740.2  0.00   0.0   0.054   0.000   21.9    37    6.5   20.5   7.32  .8629    235    1    100.0   10 
27/11/22  22:00   10.4   10.6   10.3    81    7.3   1.6   SSW   0.27   6.4   SSW   10.4   10.4   10.4   740.1  0.00   0.0   0.055   0.000   21.8    37    6.5   20.4   7.32  .8631    234    1    100.0   10 
27/11/22  22:10   10.3   10.4   10.3    80    7.0   1.6   SSW   0.27   4.8   SSW   10.3   10.3   10.3   740.3  0.00   0.0   0.056   0.000   21.7    37    6.4   20.3   7.33  .8638    234    1    100.0   10 
27/11/22  22:20   10.2   10.3   10.2    80    6.9   0.0   ---   0.00   0.0   ---   10.2   10.2   10.2   740.4  0.00   0.0   0.056   0.000   21.7    37    6.3   20.2   7.33  .8641    234    1    100.0   10 
27/11/22  22:30    9.9   10.2    9.9    81    6.8   0.0   SSW   0.00   4.8   SSW    9.9    9.9    9.9   740.4  0.00   0.0   0.058   0.000   21.6    37    6.3   20.1   7.33  .8642    234    1    100.0   10 
27/11/22  22:40    9.8    9.9    9.8    81    6.7   0.0   SSW   0.00   3.2   SSW    9.8    9.8    9.8   740.5  0.00   0.0   0.059   0.000   21.5    37    6.2   20.0   7.34  .8647    234    1    100.0   10 
27/11/22  22:50    9.6    9.8    9.6    82    6.6   0.0   ---   0.00   0.0   ---    9.6    9.6    9.6   740.5  0.00   0.0   0.061   0.000   21.4    37    6.1   19.9   7.34  .8649    234    1    100.0   10 
27/11/22  23:00    9.2    9.6    9.2    83    6.5   0.0   ---   0.00   0.0   ---    9.2    9.2    9.2   740.4  0.00   0.0   0.063   0.000   21.4    37    6.1   19.8   7.34  .8650    235    1    100.0   10 
27/11/22  23:10    9.4    9.4    9.2    85    7.0   0.0   ---   0.00   0.0   ---    9.4    9.4    9.4   740.3  0.00   0.0   0.062   0.000   21.4    37    6.1   19.8   7.34  .8650    234    1    100.0   10 
27/11/22  23:20    9.7    9.7    9.4    84    7.1   0.0   ---   0.00   0.0   ---    9.7    9.7    9.7   740.3  0.00   0.0   0.060   0.000   21.3    37    6.0   19.8   7.34  .8651    234    1    100.0   10 
27/11/22  23:30    9.7    9.8    9.7    83    7.0   0.0   ---   0.00   0.0   ---    9.7    9.7    9.7   740.3  0.00   0.0   0.060   0.000   21.3    37    6.0   19.7   7.34  .8653    234    1    100.0   10 
27/11/22  23:40    9.6    9.7    9.6    84    7.0   0.0   ---   0.00   0.0   ---    9.6    9.6    9.6   740.2  0.00   0.0   0.061   0.000   21.3    37    6.0   19.7   7.34  .8652    234    1    100.0   10 
27/11/22  23:50    9.6    9.6    9.4    85    7.2   0.0   ---   0.00   0.0   ---    9.6    9.6    9.6   740.0  0.00   0.0   0.061   0.000   21.2    37    5.9   19.6   7.35  .8652    234    1    100.0   10 
28/11/22  00:00    9.9    9.9    9.6    85    7.5   0.0   ---   0.00   0.0   ---    9.9    9.9    9.9   739.9  0.00   0.0   0.059   0.000   21.2    37    5.9   19.6   7.35  .8653    235    1    100.0   10 
28/11/22   0:10    9.8    9.9    9.8    83    7.1   0.0   ---   0.00   0.0   ---    9.8    9.8    9.8   739.9  0.00   0.0   0.059   0.000   21.1    37    5.8   19.5   7.35  .8654    233    1    100.0   10 
28/11/22   0:20    9.6    9.8    9.6    84    7.0   1.6     S   0.27   6.4     S    9.6    9.6    9.6   739.9  0.00   0.0   0.061   0.000   21.1    37    5.8   19.4   7.35  .8656    234    1    100.0   10 
28/11/22   0:30    9.3    9.6    9.3    84    6.8   1.6     S   0.27   4.8     S    9.3    9.3    9.3   739.9  0.00   0.0   0.063   0.000   21.1    37    5.8   19.4   7.35  .8656    234    1    100.0   10 
28/11/22   0:40    9.3    9.3    9.3    85    6.9   1.6   SSW   0.27   6.4     S    9.3    9.4    9.4   739.7  0.00   0.0   0.063   0.000   21.0    37    5.7   19.4   7.35  .8656    234    1    100.0   10 
28/11/22   0:50    9.2    9.3    9.2    85    6.8   0.0   SSW   0.00   1.6   SSW    9.2    9.3    9.3   739.8  0.00   0.0   0.063   0.000   21.0    37    5.7   19.4   7.35  .8657    235    1    100.0   10 
28/11/22   1:00    9.2    9.3    9.2    85    6.8   0.0   ---   0.00   0.0   ---    9.2    9.2    9.2   739.6  0.00   0.0   0.064   0.000   20.9    37    5.6   19.3   7.35  .8659    234    1    100.0   10 
28/11/22   1:10    9.0    9.2    9.0    85    6.6   0.0   ---   0.00   0.0   ---    9.0    9.0    9.0   739.6  0.00   0.0   0.065   0.000   20.9    37    5.6   19.3   7.35  .8659    234    1    100.0   10 
28/11/22   1:20    8.8    9.0    8.8    85    6.4   0.0   SSW   0.00   1.6   SSW    8.8    8.8    8.8   739.6  0.00   0.0   0.066   0.000   20.8    37    5.5   19.2   7.35  .8662    234    1    100.0   10 
28/11/22   1:30    8.9    8.9    8.8    85    6.6   1.6   SSW   0.27   8.0    SW    8.9    8.9    8.9   739.5  0.00   0.0   0.065   0.000   20.8    38    5.9   19.3   7.55  .8659    234    1    100.0   10 
28/11/22   1:40    8.9    9.1    8.9    83    6.2   1.6     S   0.27   6.4     S    8.9    8.9    8.9   739.5  0.00   0.0   0.066   0.000   20.7    37    5.4   19.1   7.35  .8666    234    1    100.0   10 
28/11/22   1:50    8.4    8.9    8.4    84    5.9   1.6   SSW   0.27   6.4     S    8.4    8.4    8.4   739.3  0.00   0.0   0.069   0.000   20.7    37    5.4   19.1   7.35  .8663    234    1    100.0   10 
28/11/22   2:00    8.2    8.4    8.2    85    5.8   0.0   ---   0.00   0.0   ---    8.2    8.2    8.2   739.3  0.00   0.0   0.070   0.000   20.6    37    5.4   19.1   7.35  .8666    235    1    100.0   10 
28/11/22   2:10    8.1    8.2    8.1    86    5.9   0.0    SW   0.00   6.4    SW    8.1    8.1    8.1   739.3  0.00   0.0   0.071   0.000   20.6    37    5.4   19.0   7.35  .8667    234    1    100.0   10 
28/11/22   2:20    8.4    8.5    8.1    86    6.2   3.2    SW   0.54   6.4    SW    8.4    8.4    8.4   739.2  0.00   0.0   0.069   0.000   20.5    37    5.3   18.9   7.35  .8668    234    1    100.0   10 
28/11/22   2:30    8.4    8.4    8.3    86    6.2   0.0    SW   0.00   1.6    SW    8.4    8.4    8.4   739.1  0.00   0.0   0.069   0.000   20.4    37    5.3   18.9   7.35  .8669    234    1    100.0   10 
28/11/22   2:40    8.6    8.6    8.3    86    6.4   3.2    SW   0.54   6.4    SW    8.6    8.6    8.6   739.0  0.00   0.0   0.068   0.000   20.4    37    5.2   18.8   7.35  .8670    234    1    100.0   10 
28/11/22   2:50    8.9    8.9    8.6    85    6.6   1.6    SW   0.27   8.0    SW    8.9    8.9    8.9   739.0  0.00   0.0   0.065   0.000   20.3    37    5.2   18.8   7.35  .8672    234    1    100.0   10 
28/11/22   3:00    9.1    9.1    8.9    84    6.5   1.6    SW   0.27   6.4    SW    9.1    9.1    9.1   738.9  0.00   0.0   0.064   0.000   20.3    37    5.1   18.7   7.35  .8673    235    1    100.0   10 
28/11/22   3:10    9.1    9.1    9.1    85    6.7   0.0   ---   0.00   0.0   ---    9.1    9.1    9.1   738.8  0.00   0.0   0.064   0.000   20.3    37    5.1   18.7   7.35  .8671    234    1    100.0   10 
28/11/22   3:20    8.9    9.1    8.9    84    6.4   0.0   ---   0.00   0.0   ---    8.9    8.9    8.9   738.8  0.00   0.0   0.065   0.000   20.2    37    5.0   18.6   7.35  .8676    234    1    100.0   10 
28/11/22   3:30    8.6    8.9    8.6    84    6.0   0.0   ---   0.00   0.0   ---    8.6    8.6    8.6   738.7  0.00   0.0   0.068   0.000   20.1    37    5.0   18.6   7.35  .8676    234    1    100.0   10 
28/11/22   3:40    8.7    8.7    8.4    87    6.7   0.0   ---   0.00   0.0   ---    8.7    8.8    8.8   738.5  0.00   0.0   0.067   0.000   20.1    37    4.9   18.5   7.35  .8676    234    1    100.0   10 
28/11/22   3:50    8.9    9.1    8.7    84    6.4   0.0   ---   0.00   0.0   ---    8.9    8.9    8.9   738.6  0.00   0.0   0.065   0.000   20.1    37    4.9   18.5   7.35  .8677    234    1    100.0   10 
28/11/22   4:00    8.6    8.9    8.6    85    6.2   0.0   ---   0.00   0.0   ---    8.6    8.6    8.6   738.5  0.00   0.0   0.068   0.000   20.0    37    4.9   18.4   7.35  .8678    234    1    100.0   10 
28/11/22   4:10    8.4    8.6    8.4    87    6.4   0.0   ---   0.00   0.0   ---    8.4    8.5    8.5   738.5  0.00   0.0   0.069   0.000   19.9    38    5.2   18.5   7.55  .8678    235    1    100.0   10 
28/11/22   4:20    8.4    8.5    8.4    87    6.4   0.0   ---   0.00   0.0   ---    8.4    8.5    8.5   738.6  0.00   0.0   0.069   0.000   19.9    38    5.1   18.4   7.55  .8680    234    1    100.0   10 
28/11/22   4:30    8.2    8.4    8.2    86    6.0   0.0   ---   0.00   0.0   ---    8.2    8.2    8.2   738.6  0.00   0.0   0.070   0.000   19.8    38    5.1   18.3   7.55  .8682    234    1    100.0   10 
28/11/22   4:40    8.1    8.2    8.1    88    6.2   0.0    SW   0.00   4.8    SW    8.1    8.2    8.2   738.6  0.00   0.0   0.071   0.000   19.8    38    5.0   18.3   7.55  .8684    234    1    100.0   10 
28/11/22   4:50    8.2    8.2    8.1    88    6.4   0.0    SW   0.00   3.2    SW    8.2    8.3    8.3   738.5  0.00   0.0   0.070   0.000   19.7    38    5.0   18.2   7.55  .8686    234    1    100.0   10 
28/11/22   5:00    8.3    8.3    8.2    88    6.5   0.0    SW   0.00   3.2    SW    8.3    8.4    8.4   738.6  0.00   0.0   0.069   0.000   19.7    38    4.9   18.2   7.55  .8688    234    1    100.0   10 
28/11/22   5:10    8.1    8.3    8.1    87    6.1   0.0     S   0.00   3.2    SW    8.1    8.2    8.2   738.6  0.00   0.0   0.071   0.000   19.6    38    4.9   18.1   7.55  .8691    234    1    100.0   10 
28/11/22   5:20    7.8    8.1    7.7    88    5.9   0.0     S   0.00   3.2     S    7.8    7.8    7.8   738.7  0.00   0.0   0.073   0.000   19.6    38    4.8   18.1   7.55  .8694    235    1    100.0   10 
28/11/22   5:30    8.0    8.0    7.8    89    6.3   1.6   SSW   0.27   4.8     S    8.0    8.1    8.1   738.6  0.00   0.0   0.072   0.000   19.5    38    4.8   18.0   7.55  .8695    234    1    100.0   10 
28/11/22   5:40    8.3    8.3    8.0    89    6.6   1.6   SSW   0.27   4.8   SSW    8.3    8.4    8.4   738.6  0.00   0.0   0.070   0.000   19.4    38    4.7   17.9   7.55  .8697    234    1    100.0   10 
28/11/22   5:50    8.4    8.4    8.3    89    6.7   0.0   ---   0.00   0.0   ---    8.4    8.6    8.6   738.7  0.00   0.0   0.069   0.000   19.4    38    4.7   17.9   7.55  .8699    234    1    100.0   10 
